2019 07 04 00 56 37.62  36.0808 -117.8780  2.81  0.89  0.20  0.42  0.07 179  20  10   4         1
2019 07 04 03 20 28.91  36.1135 -117.6730  2.66  0.94  0.18  0.86  0.12  75  28  14   5         2
2019 07 04 04 03  1.48  36.0147 -117.8042  1.40  0.54  0.14  0.21  0.08  74  21  11   5         3
2019 07 04 11 51  8.11  36.1135 -117.6703  2.53  0.78  0.18  0.73  0.12  71  32  18   7         4
2019 07 04 16 07 20.26  35.7075 -117.5005 11.13  0.36  0.26  0.56  0.11 103  25  12   5         5
2019 07 04 16 13 43.37  35.7072 -117.4992 10.94  1.50  0.18  0.36  0.15  62  63  31  16         6
2019 07 04 17 02 55.34  35.7082 -117.5037 10.60  3.98  0.11  0.25  0.16  23 124  44  68         7
2019 07 04 17 09 20.09  35.7077 -117.5013 10.97  2.49  0.13  0.25  0.15  37  98  46  20         8
2019 07 04 17 11 32.85  35.7055 -117.4975 11.20  0.63  0.27  0.41  0.12 103  28  13   6         9
2019 07 04 17 11 40.16  35.7083 -117.5053  6.33  0.94  0.35  1.40  0.26  68  24  18   0        10
2019 07 04 17 12 14.97  35.7065 -117.5032 10.52  2.13  0.15  0.33  0.16  37  85  40  23        11
2019 07 04 17 12 38.08  35.7083 -117.4905 11.04  1.75  0.25  0.43  0.15 105  46  24  10        12
2019 07 04 17 13 26.21  35.7047 -117.4988 10.17  0.60  0.32  0.87  0.12  84  18   9   0        13
2019 07 04 17 13 36.19  35.7023 -117.5045 10.65  0.39  0.35  0.67  0.12 106  12   9   0        14
2019 07 04 17 13 51.80  35.7042 -117.4953 10.98  0.77  0.25  0.44  0.12  85  31  17   6        15
2019 07 04 17 14  9.20  35.7055 -117.4935 10.88  0.37  0.34  1.04  0.11 105  17   8   0        16
2019 07 04 17 14 10.46  35.6912 -117.5353 13.00  0.50  1.02  0.66  0.09 173  11   6   0        17
2019 07 04 17 15 35.50  35.7108 -117.4813 11.58  0.42  0.35  0.72  0.10 150  19  10   2        18
2019 07 04 17 15 47.19  35.7068 -117.5018  8.99  1.43  0.20  0.59  0.18  68  65  32  13        19
2019 07 04 17 16 18.57  35.7090 -117.4903 10.17  0.62  0.46  1.15  0.14 148  19  10   0        20
2019 07 04 17 27 35.14  35.7025 -117.5017  9.59  0.54  0.38  1.30  0.16  84  19   9   2        21
2019 07 04 17 33 49.00  35.7053 -117.5038 10.50  6.40  0.15  0.36  0.16  47  85  23  57        22
2019 07 04 17 35  1.66  35.6440 -117.5672  4.64  4.49  0.15  0.46  0.15  74  69  34   7        23
2019 07 04 17 35 17.43  35.6887 -117.4740  6.48  3.93  0.44  1.07  0.15 175  22   8   0        24
2019 07 04 17 35 46.34  35.6937 -117.4370  7.65  3.63  0.64  2.11  0.14 212  19   6   2        25
2019 07 04 17 35 52.17  35.6870 -117.5062  1.60  4.28  0.20  0.33  0.15  82  46  26   4        26
2019 07 04 17 36  4.36  35.7342 -117.5742  6.41  3.94  0.38  1.03  0.19 100  19  11   0        27
2019 07 04 17 36 58.95  35.7258 -117.5593  5.30  3.41  0.24  1.24  0.11  88  27  10   0        28
2019 07 04 17 37  1.14  35.7105 -117.4773  1.57  3.66  0.19  0.37  0.12  85  32  18   5        29
2019 07 04 17 37 14.85  35.6655 -117.5160  1.64  3.97  0.23  0.45  0.16  65  37  20   3        30
2019 07 04 17 37 25.64  35.6758 -117.4575 15.82  4.01  0.36  0.87  0.22  66  38  24   4        31
2019 07 04 17 37 46.32  35.6812 -117.5262  6.83  3.24  0.46  1.37  0.11 135   8   3   0        32
2019 07 04 17 37 55.50  35.7457 -117.5517  8.29  3.86  0.17  0.48  0.13  69  55  29  21        33
2019 07 04 17 38 21.45  35.7140 -117.4760  1.74  3.73  0.24  0.43  0.16  88  40  21  12        34
2019 07 04 17 38 47.76  35.6235 -117.5960  8.55  3.50  0.21  0.81  0.14  97  40  18   6        35
2019 07 04 17 38 57.26  35.6698 -117.5295  1.87  3.43  0.34  0.43  0.12  95  13   7   0        36
2019 07 04 17 39  5.12  35.7168 -117.6662  5.17  3.25  0.47  1.32  0.10 127  11   5   0        37
2019 07 04 17 39 14.62  35.6215 -117.5945  8.82  2.98  0.32  1.85  0.14 107  16  10   2        38
2019 07 04 17 39 33.31  35.5743 -117.6367  6.85  3.11  0.43  0.75  0.07 195   9   1   1        39
2019 07 04 17 39 35.36  35.6877 -117.4932 10.96  3.69  0.21  0.39  0.16  63  60  28  16        40
2019 07 04 17 39 51.74  35.6715 -117.5453  2.27  3.11  1.05  0.92  0.23 143  10   5   0        41
2019 07 04 17 40  2.25  35.7253 -117.5708  6.63  3.80  0.18  0.59  0.16  56  60  26   2        42
2019 07 04 17 40 18.52  35.7070 -117.5102  8.66  4.13  0.18  0.65  0.16  61  65  37  16        43
2019 07 04 17 40 34.90  35.6948 -117.5018  2.04  3.54  0.24  0.30  0.10 144  18  12   1        44
2019 07 04 17 40 46.14  35.7298 -117.5548  7.72  3.42  0.35  1.22  0.16  89  22  13   0        45
2019 07 04 17 40 51.72  35.6805 -117.4743  7.09  3.13  1.63 19.59  0.23 278   9   6   0        46
2019 07 04 17 41 20.85  35.7267 -117.5288  1.97  3.30  0.35  0.68  0.24  95  41  18  13        47
2019 07 04 17 41 43.58  35.6048 -117.5843  7.30  3.22  0.32  1.50  0.18 106  28  14   4        48
2019 07 04 17 42 21.92  35.5767 -117.6387  6.89  3.20  0.23  0.71  0.19  44  45  20   6        49
2019 07 04 17 42 54.13  35.7302 -117.5587  7.84  3.22  0.16  0.73  0.16  57  68  33  22        50
2019 07 04 17 43 29.60  35.6548 -117.5405  9.57  3.50  0.23  0.67  0.19  60  55  26  10        51
2019 07 04 17 43 49.22  35.7458 -117.5347  6.35  3.21  0.25  0.78  0.18  72  43  23   3        52
2019 07 04 17 44 24.02  35.7478 -117.5400  9.40  2.77  0.27  0.67  0.17  78  40  15   6        53
2019 07 04 17 44 32.82  35.6875 -117.5072  1.54  3.86  0.13  0.35  0.20  23  98  40  46        54
2019 07 04 17 45  5.78  35.6977 -117.4865  2.24  3.03  0.20  0.35  0.12  86  31  16   0        55
2019 07 04 17 45 23.95  35.7152 -117.5473  7.21  3.03  0.29  0.66  0.12  91  27   7  11        56
2019 07 04 17 45 28.63  35.7348 -117.5368 10.34  3.21  0.34  0.64  0.16 158  24  15   7        57
2019 07 04 17 46  3.71  35.6432 -117.6102 10.14  2.96  0.15  0.42  0.13  69  54  28  12        58
2019 07 04 17 46 20.32  35.6563 -117.5325  1.52  2.56  0.25  0.53  0.16  78  26  14   3        59
2019 07 04 17 46 37.05  35.7213 -117.5287  4.60  2.44  1.37  0.95  0.18 265  13   6   1        60
2019 07 04 17 46 49.96  35.6385 -117.6108 10.97  3.07  0.16  0.34  0.15  67  64  31  20        61
2019 07 04 17 47 17.81  35.7455 -117.5465  7.11  3.50  0.13  0.36  0.15  45  85  41  23        62
2019 07 04 17 47 40.97  35.7260 -117.5585  3.58  3.11  0.24  0.67  0.17  75  42  24   2        63
2019 07 04 17 47 54.97  35.7287 -117.5607  5.25  3.40  0.20  1.28  0.16  57  49  26   7        64
2019 07 04 17 48  3.16  35.6365 -117.5518  6.62  3.27  0.28  0.92  0.16 131  22  14   2        65
2019 07 04 17 48 15.68  35.7053 -117.5245  5.52  3.11  0.55  3.94  0.26  98  25  15   6        66
2019 07 04 17 48 24.15  35.6593 -117.5263  2.68  2.96  0.27  0.54  0.17  99  25  18   3        67
2019 07 04 17 48 57.07  35.5983 -117.5570  1.54  2.43  0.52  0.69  0.12 215  13   5   2        68
2019 07 04 17 49 35.19  35.7335 -117.5068  3.91  2.52  0.61  1.27  0.18 164  17   6   2        69
2019 07 04 17 49 38.95  35.6870 -117.4907 10.66  2.57  0.46  0.92  0.19 145  20  13   0        70
2019 07 04 17 50  2.72  35.7338 -117.5270  6.79  2.38  0.33  0.86  0.18  95  27  17   2        71
2019 07 04 17 50 36.21  35.6387 -117.6038 11.85  2.37  0.27  0.78  0.17 113  28  18   2        72
2019 07 04 17 50 48.29  35.7380 -117.5293  7.72  2.73  0.34  0.72  0.07 163  13   5   2        73
2019 07 04 17 50 48.96  35.6780 -117.4992  1.14  2.79  0.31  0.50  0.17 105  29  18   1        74
2019 07 04 17 51 46.65  35.6740 -117.5235  5.30  3.46  0.17  0.91  0.14  61  48  19   6        75
2019 07 04 17 52  6.95  35.7408 -117.5588  7.11  2.42  0.49  0.86  0.17 142  15   6   1        76
2019 07 04 17 52 41.70  35.7218 -117.5252  7.04  2.92  0.16  0.45  0.13  60  53  26  16        77
2019 07 04 17 53 14.94  35.7012 -117.4907  1.08  2.13  0.21  0.39  0.08 106  18   8   3        78
2019 07 04 17 53 25.56  35.6440 -117.5412 12.89  2.20  0.47  1.17  0.20 138  17  11   0        79
2019 07 04 17 53 50.22  35.6360 -117.5442 10.16  2.24  0.23  0.55  0.12 120  35  15   3        80
2019 07 04 17 54 59.56  35.6392 -117.5628 10.48  2.53  0.17  0.42  0.13  76  45  21   8        81
2019 07 04 17 55 26.82  35.6335 -117.5798 11.20  2.49  0.28  0.76  0.11 119  17   5   2        82
2019 07 04 17 55 30.80  35.6705 -117.5222  3.91  2.57  0.28  0.81  0.19  78  27  20   2        83
2019 07 04 17 55 46.15  35.7553 -117.5577  2.46  2.24  0.60  0.61  0.27 179  25  15   1        84
2019 07 04 17 55 54.59  35.7072 -117.4738  1.27  2.35  0.30  0.42  0.16 109  22  16   1        85
2019 07 04 17 56  9.30  35.6272 -117.5770 15.61  2.29  0.48  1.10  0.19 118  17   9   2        86
2019 07 04 17 56 21.92  35.5928 -117.5880  8.93  2.33  0.36  1.19  0.15 104  17  11   4        87
2019 07 04 17 56 55.52  35.6950 -117.4922  1.77  2.33  0.24  0.41  0.13 106  27  13   4        88
2019 07 04 17 57 31.46  35.6595 -117.5223  2.30  2.95  0.15  0.39  0.12  62  52  21  22        89
2019 07 04 17 57 43.06  35.6725 -117.4743  8.76  2.78  0.31  0.87  0.21  87  34  24   3        90
2019 07 04 17 58  2.64  35.7020 -117.5083  4.77  3.33  0.16  0.60  0.16  61  72  35  22        91
2019 07 04 17 58 19.15  35.7297 -117.5225  3.10  2.49  0.44  1.22  0.17 163  18  11   0        92
2019 07 04 17 58 48.66  35.6913 -117.5008  9.01  2.27  0.32  1.04  0.14 144  22  14   0        93
2019 07 04 17 59 38.88  35.6897 -117.5153  9.06  2.13  0.24  0.81  0.13  81  35  15   8        94
2019 07 04 17 59 59.87  35.6912 -117.4930  3.17  2.44  0.20  0.70  0.14  63  47  25   8        95
2019 07 04 18 00 12.64  35.6973 -117.5002  2.30  2.15  0.25  0.41  0.13 103  25  14   2        96
2019 07 04 18 00 28.37  35.6745 -117.5037  1.55  1.95  0.38  0.62  0.19 103  22  12   1        97
2019 07 04 18 00 40.19  35.6303 -117.5690  1.64  2.67  0.13  0.24  0.10  57  51  23  14        98
2019 07 04 18 00 53.36  35.7332 -117.5218 10.50  2.02  0.56  1.02  0.09 178   8   5   0        99
2019 07 04 18 01  1.19  35.6733 -117.5118  1.49  2.59  0.17  0.38  0.14  62  42  24   5       100
2019 07 04 18 01 23.18  35.6877 -117.5085  1.26  3.53  0.21  0.41  0.16  62  55  18  18       101
2019 07 04 18 01 31.23  35.5978 -117.5905  6.79  3.42  0.26  0.78  0.17  97  37  19   6       102
2019 07 04 18 01 58.51  35.6975 -117.5103  3.61  2.28  0.29  0.90  0.12 102  23   9   4       103
2019 07 04 18 02 36.63  35.7357 -117.5387 10.55  2.42  0.27  0.59  0.15  92  36  17   3       104
2019 07 04 18 02 54.11  35.6067 -117.5822  5.80  2.53  0.17  0.83  0.14  66  44  19   7       105
2019 07 04 18 03 14.77  35.6915 -117.5552  4.07  2.07  0.62  1.93  0.23 110  13   3   1       106
2019 07 04 18 03 18.59  35.7478 -117.5425  6.85  2.85  0.17  0.50  0.14  58  55  26  16       107
2019 07 04 18 03 33.64  35.6607 -117.5350  2.54  2.11  0.48  0.88  0.13 152  10   4   2       108
2019 07 04 18 03 40.34  35.7230 -117.5283  4.66  2.46  0.23  0.59  0.15  76  42  21   9       109
2019 07 04 18 04  5.16  35.6658 -117.5345  1.84  2.11  0.27  0.57  0.21  93  41  18   4       110
2019 07 04 18 04 28.00  35.7153 -117.5168  7.19  2.36  0.33  0.74  0.16 142  35  15   4       111
2019 07 04 18 04 29.69  35.7395 -117.5498  7.25  2.42  0.33  1.04  0.09 110  14   4   0       112
2019 07 04 18 04 58.67  35.7340 -117.5277  7.25  2.47  0.54  2.05  0.20  95  14   5   1       113
2019 07 04 18 05  7.69  35.7178 -117.5647  2.89  2.48  0.88  0.37  0.13 197  15   8   1       114
2019 07 04 18 05 41.83  35.7153 -117.5295  4.54  2.76  0.16  0.53  0.13  60  55  24  20       115
2019 07 04 18 05 55.91  35.7267 -117.5165  8.96  2.61  0.38  1.45  0.19 143  30  16   4       116
2019 07 04 18 06 16.11  35.6607 -117.5230  2.14  3.79  0.14  0.37  0.16  61  86  39  30       117
2019 07 04 18 06 51.05  35.6932 -117.4620 11.56  2.60  0.60  0.96  0.15 174  21   8   0       118
2019 07 04 18 07  9.27  35.5992 -117.6102  2.12  3.51  0.16  0.31  0.18  37  72  32  20       119
2019 07 04 18 07 10.91  35.6508 -117.5420  2.77  3.49  0.21  0.56  0.12 145  18  10   0       120
2019 07 04 18 07 20.29  35.5688 -117.6365  6.67  3.02  0.30  0.90  0.20 121  21  16   0       121
2019 07 04 18 07 50.81  35.7295 -117.5330  7.25  2.55  0.27  1.05  0.14 139  34  17   6       122
2019 07 04 18 08 15.28  35.7102 -117.4803 -0.77  2.43  0.41  0.66  0.22 143  27  16   1       123
2019 07 04 18 08 33.16  35.6678 -117.5062  2.27  3.38  0.19  0.59  0.15  62  55  21  15       124
2019 07 04 18 08 45.07  35.7108 -117.4768  1.17  3.55  0.22  0.51  0.16 108  46  24   9       125
2019 07 04 18 09 33.27  35.5988 -117.5947  4.46  2.32  0.22  0.64  0.07 149  13   6   3       126
2019 07 04 18 09 36.31  36.0998 -117.6420 10.86  1.72  1.10  3.08  0.30 122  10   4   0       127
2019 07 04 18 10 10.34  35.7310 -117.5220 10.53  2.24  0.25  0.57  0.14  87  34  18   7       128
2019 07 04 18 10 32.71  35.6598 -117.5348 10.25  3.46  0.14  0.32  0.14  44  78  35  37       129
2019 07 04 18 10 54.36  35.6957 -117.5145  2.31  2.39  0.88  0.49  0.14 160  13   7   4       130
2019 07 04 18 11 22.87  35.6003 -117.5952  7.33  2.69  0.20  1.04  0.16  87  49  23  14       131
2019 07 04 18 11 40.17  35.7265 -117.5417  2.57  2.07  0.36  0.53  0.18  93  21  12   3       132
2019 07 04 18 11 50.26  35.6623 -117.5523  8.49  2.07  0.21  0.86  0.12 124  27  16   5       133
2019 07 04 18 12 16.66  35.7033 -117.4812  0.18  1.90  0.26  0.48  0.15  86  30  18   2       134
2019 07 04 18 12 46.43  35.7450 -117.5235  6.73  2.20  0.36  0.62  0.10  99  17   3   4       135
2019 07 04 18 12 52.07  35.6703 -117.5605  6.91  3.44  0.14  0.49  0.14  58  71  34  24       136
2019 07 04 18 13 45.53  35.7003 -117.4873 10.98  2.89  0.32  0.63  0.15  85  29   6   3       137
2019 07 04 18 13 51.40  35.7082 -117.4850  6.44  3.50  0.20  0.71  0.16  63  48  24   4       138
2019 07 04 18 14 34.91  35.7037 -117.4928  4.04  2.12  0.58  1.50  0.27 105  23  12   3       139
2019 07 04 18 14 53.27  35.7372 -117.5328  8.20  1.90  0.47  1.09  0.14 139  16   5   2       140
2019 07 04 18 15  4.97  35.6103 -117.5950  4.94  2.75  0.24  0.80  0.22  60  55  18  17       141
2019 07 04 18 15 12.82  35.6692 -117.5203  1.84  3.23  0.22  0.36  0.20  81  38  28   7       142
2019 07 04 18 16  4.66  35.6955 -117.4878 11.28  2.13  0.24  0.34  0.12  86  37  15   4       143
2019 07 04 18 16 20.34  35.6780 -117.5095  1.16  1.86  0.30  0.48  0.17 102  22  12   2       144
2019 07 04 18 16 33.73  35.7252 -117.5335  6.74  2.94  0.12  0.40  0.14  60  84  37  28       145
2019 07 04 18 16 53.09  35.7248 -117.5263  2.85  1.99  0.37  0.46  0.12 141  15   7   4       146
2019 07 04 18 17  5.28  35.7082 -117.4747  1.24  2.21  0.41  0.78  0.20 109  27  10   2       147
2019 07 04 18 17 15.32  35.7185 -117.5337  4.94  2.87  0.20  0.58  0.17  59  60  28  15       148
2019 07 04 18 17 37.40  35.6805 -117.4840  5.61  1.79  1.56  2.81  0.10 157  11   5   0       149
2019 07 04 18 17 56.02  35.7332 -117.5265 10.69  2.21  0.17  0.36  0.11  59  44  18  10       150
2019 07 04 18 18 11.10  35.7120 -117.6213  6.97  2.20  0.52  1.75  0.15 152   9   6   0       151
2019 07 04 18 18 18.67  35.7505 -117.5520  7.70  1.84  0.32  0.54  0.11  88  21  12   1       152
2019 07 04 18 18 45.72  35.6380 -117.6110  9.43  3.38  0.11  0.33  0.14  36 108  48  38       153
2019 07 04 18 18 52.07  35.6123 -117.6240  0.00  2.98  0.37  0.63  0.23  76  18  12   0       154
2019 07 04 18 19  8.09  35.7237 -117.5085 11.57  2.60  0.43  0.96  0.19 145  28  15   1       155
2019 07 04 18 19 21.69  35.6420 -117.5468  1.88  2.40  0.22  0.53  0.13  79  29  15   3       156
2019 07 04 18 19 58.13  35.6958 -117.4947  9.03  2.08  0.27  0.85  0.08 146  26   8  12       157
2019 07 04 18 20  7.52  35.6598 -117.5320  7.26  2.13  0.25  1.03  0.12  93  30  15   2       158
2019 07 04 18 20 20.44  35.7043 -117.4835  3.59  2.44  0.21  0.59  0.16  63  57  32  12       159
2019 07 04 18 20 43.16  35.6823 -117.5932  2.90  1.73  1.83  3.29  0.12 263  10   4   1       160
2019 07 04 18 21  1.41  35.7310 -117.5235  9.53  1.99  0.28  0.47  0.07 142  24  12   3       161
2019 07 04 18 21 13.74  35.7305 -117.5235  8.46  2.16  0.33  0.92  0.09 142  21   9   1       162
2019 07 04 18 21 16.76  35.5920 -117.5792  9.75  2.20  0.49  1.56  0.20  92  15   9   2       163
2019 07 04 18 21 25.34  35.6788 -117.5153  2.91  2.61  0.21  0.54  0.17  61  57  29  10       164
2019 07 04 18 21 47.96  35.6268 -117.5963 10.86  1.92  0.29  0.64  0.13  88  21   4   3       165
2019 07 04 18 21 50.72  35.7370 -117.5482  2.61  2.04  0.25  0.42  0.15  71  28  16   4       166
2019 07 04 18 22  4.84  35.6742 -117.5343  6.68  2.15  0.27  1.06  0.18  76  25  16   2       167
2019 07 04 18 22 26.71  35.7230 -117.5345  7.59  1.77  0.46  1.43  0.17 138  22  11   0       168
2019 07 04 18 22 42.34  35.6887 -117.4763 10.37  2.16  0.26  0.50  0.10 125  29  11  10       169
2019 07 04 18 22 47.15  35.7167 -117.5253  4.54  2.06  0.36  0.49  0.12 140  18  13   1       170
2019 07 04 18 22 58.48  35.7305 -117.5347  7.70  2.08  0.34  0.85  0.09 139  12   5   1       171
2019 07 04 18 23  0.10  35.6902 -117.4992  2.75  2.03  0.31  0.77  0.13 104  21  10   2       172
2019 07 04 18 23  9.01  35.7287 -117.5078 10.39  1.91  0.43  1.02  0.14 163  17  12   3       173
2019 07 04 18 23 15.71  35.7372 -117.5085  8.64  1.94  0.80  1.78  0.19 207  14  10   0       174
2019 07 04 18 23 20.78  35.6818 -117.4932 10.41  1.85  0.60  1.04  0.17 180  14  10   1       175
2019 07 04 18 23 34.18  35.7098 -117.5078  0.53  2.02  0.42  0.58  0.16 161  22   9   2       176
2019 07 04 18 23 38.58  35.7245 -117.5373  4.98  2.11  0.25  0.55  0.08  93  15   7   5       177
2019 07 04 18 23 46.15  35.5775 -117.6258  6.79  2.11  0.24  0.68  0.17  87  38  19   7       178
2019 07 04 18 24 35.42  35.7017 -117.5243  6.68  1.58  0.50  0.79  0.13 139  20   8   1       179
2019 07 04 18 24 53.67  35.5895 -117.6038  7.08  1.84  0.35  0.89  0.18 103  19  10   3       180
2019 07 04 18 25  4.98  35.6445 -117.6282  2.88  2.02  0.52  1.63  0.20 105  15   8   1       181
2019 07 04 18 25 29.62  35.7367 -117.5655  6.50  2.14  0.36  0.77  0.14  71  18   6   2       182
2019 07 04 18 25 30.76  35.6168 -117.6037 11.28  2.35  0.22  0.68  0.15  93  40  17   8       183
2019 07 04 18 26  3.75  35.6638 -117.5245  2.53  3.13  0.13  0.45  0.13  61  77  30  31       184
2019 07 04 18 26 21.48  35.6782 -117.5008  2.09  2.41  0.48  0.72  0.19 104  14  10   0       185
2019 07 04 18 26 30.63  35.6845 -117.4970  5.10  2.18  0.32  0.59  0.14 105  24  14   1       186
2019 07 04 18 26 49.19  35.7238 -117.4968  2.18  1.97  0.53  0.76  0.22 169  18   8   1       187
2019 07 04 18 27 26.77  35.6748 -117.5143  2.68  3.29  0.14  0.39  0.13  62  74  34  33       188
2019 07 04 18 27 59.44  35.7450 -117.5522  6.64  4.66  0.12  0.41  0.15  44 100  43  44       189
2019 07 04 18 28 43.64  35.6662 -117.5657  7.14  3.75  0.13  0.46  0.13  43  78  36  28       190
2019 07 04 18 31 34.74  35.7275 -117.5465  6.06  2.27  0.23  0.75  0.14  77  36  18   4       191
2019 07 04 18 32  9.59  35.7152 -117.5438  5.81  1.95  0.36  0.95  0.12 102  28  11   5       192
2019 07 04 18 32 16.15  35.7385 -117.5127  7.65  2.31  0.50  1.48  0.19 100  23  15   0       193
2019 07 04 18 32 23.43  35.7013 -117.4845  6.10  2.06  0.83  2.77  0.28 183  15  10   1       194
2019 07 04 18 32 43.08  35.6922 -117.5038  1.11  1.96  0.29  0.77  0.21  84  32  19   1       195
2019 07 04 18 33 11.45  35.6185 -117.5823  1.98  2.04  0.18  0.32  0.16  50  48  22   5       196
2019 07 04 18 33 47.06  35.6815 -117.4980  3.00  1.99  0.22  0.56  0.15  63  42  16  15       197
2019 07 04 18 34  4.25  35.6508 -117.5433  1.55  2.48  0.18  0.31  0.16  59  58  30  14       198
2019 07 04 18 34 43.71  35.7338 -117.5380  7.12  2.04  0.51  0.92  0.16 159  17   7   2       199
2019 07 04 18 34 49.01  35.6895 -117.4883  0.63  2.59  0.18  0.37  0.15  63  52  27  11       200
2019 07 04 18 35  5.15  35.6202 -117.5907  7.97  1.94  0.29  1.29  0.12 108  18  10   0       201
2019 07 04 18 35 18.74  35.6388 -117.5548  4.43  2.32  0.15  0.44  0.14  65  63  31  12       202
2019 07 04 18 35 44.18  35.7182 -117.5522  6.78  2.05  0.32  0.52  0.10 142  31  12   1       203
2019 07 04 18 35 50.89  35.6022 -117.6030  4.21  2.98  0.23  0.73  0.19  59  41  19   0       204
2019 07 04 18 36 26.56  35.6335 -117.5857  7.07  1.95  0.27  1.04  0.13 114  16   8   1       205
2019 07 04 18 36 50.83  35.6830 -117.5108  4.14  2.35  0.18  0.56  0.19  62  75  37   4       206
2019 07 04 18 37 31.68  35.7223 -117.5643  4.12  2.63  0.13  0.47  0.16  57  89  43  23       207
2019 07 04 18 37 44.40  35.6693 -117.5250  1.81  2.31  0.35  0.61  0.23  77  28  17   0       208
2019 07 04 18 37 56.33  35.6623 -117.6073  3.38  1.96  0.46 12.86  0.16 119   8   4   0       209
2019 07 04 18 38 12.56  35.6623 -117.5438  8.00  1.93  0.44  1.61  0.21  78  17   8   1       210
2019 07 04 18 38 20.00  35.7002 -117.5232  1.61  2.24  0.73  0.61  0.24 120  17  11   0       211
2019 07 04 18 38 37.56  35.6245 -117.5892  7.84  1.51  0.37  1.16  0.12 111  18   7   2       212
2019 07 04 18 38 45.63  35.7040 -117.4935  7.91  2.58  0.19  0.81  0.15  83  64  32   8       213
2019 07 04 18 38 56.13  35.6708 -117.5212  6.66  2.29  0.25  0.78  0.15  78  28  18   0       214
2019 07 04 18 39 44.44  35.6013 -117.5970  2.81  4.59  0.13  0.43  0.14  39  79  31  37       215
2019 07 04 18 40 56.74  35.6520 -117.5368  2.03  3.05  0.16  0.41  0.12  73  41  19  13       216
2019 07 04 18 41 14.27  35.6763 -117.5115  2.13  3.07  0.20  0.49  0.15 101  46  23  12       217
2019 07 04 18 43 38.03  35.7162 -117.5085 11.96  1.79  0.33  0.87  0.17 144  35  18   0       218
2019 07 04 18 44  9.22  35.6033 -117.6107  2.47  1.97  0.21  0.58  0.12  95  28  11  11       219
2019 07 04 18 44 12.40  35.7412 -117.5332 11.13  2.22  0.33  0.50  0.16 161  28  14   0       220
2019 07 04 18 44 25.00  35.7190 -117.5587  2.06  3.09  0.12  0.26  0.16  57  85  33  68       221
2019 07 04 18 44 49.46  35.6703 -117.5603  7.20  2.46  0.21  1.08  0.12  94  34  18   5       222
2019 07 04 18 45 13.90  35.7353 -117.5417  8.58  1.63  0.42  0.97  0.12 169  19   9   0       223
2019 07 04 18 45 41.83  35.6460 -117.5450  1.69  1.84  0.26  0.51  0.22  79  48  22   1       224
2019 07 04 18 45 58.49  35.6667 -117.5350  2.69  1.84  0.44  0.72  0.19 130  22   9   1       225
2019 07 04 18 46  6.32  35.6357 -117.5538  6.50  1.99  0.38  1.26  0.22  81  27  13   0       226
2019 07 04 18 46 11.09  35.6805 -117.5015 14.29  1.90  0.54  1.22  0.24 143  20  10   0       227
2019 07 04 18 47  6.59  35.6758 -117.4853  8.53  4.34  0.14  0.43  0.16  47 106  42  47       228
2019 07 04 18 47 22.60  35.6755 -117.4720 10.27  4.02  0.34  0.77  0.17 169  30  16   5       229
2019 07 04 18 47 44.31  35.6877 -117.5147  7.87  3.33  0.43  1.69  0.18 164  24  13   1       230
2019 07 04 18 47 59.17  35.6708 -117.4687 10.52  3.22  0.29  0.66  0.15 113  33  17   0       231
2019 07 04 18 48 15.85  35.7092 -117.4657  1.77  2.89  0.49  0.63  0.22 176  22  11   0       232
2019 07 04 18 48 45.32  35.6770 -117.4777 11.04  2.48  0.44  0.73  0.20 147  31  14   0       233
2019 07 04 18 49 31.85  35.6525 -117.5172  2.40  1.99  0.33  0.66  0.18 151  21  14   0       234
2019 07 04 18 49 52.52  35.6565 -117.5397  1.61  2.13  0.25  0.39  0.13 120  31  17   0       235
2019 07 04 18 50  0.01  35.6487 -117.5452 12.69  2.27  0.43  1.23  0.15 146  13   7   0       236
2019 07 04 18 50  7.15  35.6412 -117.5592  9.70  2.75  0.22  0.63  0.18  59  50  20  15       237
2019 07 04 18 50 15.91  35.6820 -117.4962  1.26  3.70  0.17  0.35  0.19  54  73  33  17       238
2019 07 04 18 51 26.82  35.6948 -117.5165  2.42  2.46  0.30  0.53  0.19 106  40  21   1       239
2019 07 04 18 52 13.62  35.6560 -117.5377  2.31  2.78  0.14  0.38  0.18  44  88  43  14       240
2019 07 04 18 52 56.35  35.7418 -117.5542  3.44  2.40  0.21  0.75  0.15  89  47  21  12       241
2019 07 04 18 52 57.56  35.6682 -117.5115  3.16  2.85  0.57  0.73  0.10 271  13  10   0       242
2019 07 04 18 53  3.34  35.6703 -117.5470  4.90  3.08  0.33  0.80  0.21 132  24  18   0       243
2019 07 04 18 53 27.67  35.7285 -117.5605  7.87  3.36  0.14  0.54  0.13  57  68  34  24       244
2019 07 04 18 54 13.99  35.5975 -117.5997  5.33  4.07  0.11  0.66  0.13  30  90  33  17       245
2019 07 04 18 54 59.09  35.6707 -117.5288  4.57  2.86  0.23  0.59  0.13 133  34  18   2       246
2019 07 04 18 55 27.68  35.6753 -117.4795 10.71  3.03  0.23  0.47  0.13  87  43  18  14       247
2019 07 04 18 56  6.42  35.7160 -117.5600  1.92  4.58  0.09  0.21  0.17  36 137  55  72       248
2019 07 04 18 56 22.03  35.7087 -117.5542  1.16  4.21  0.38  0.60  0.26  89  30  16   3       249
2019 07 04 18 57  0.85  35.7182 -117.5430  3.03  2.89  1.11 31.61  0.06 173   6   2   0       250
2019 07 04 18 57 15.61  35.6888 -117.5293  5.72  3.22  0.53  2.52  0.22 135  25  11   2       251
2019 07 04 18 57 42.06  35.7133 -117.5482  2.02  2.96  0.27  0.48  0.18 135  33  15   1       252
2019 07 04 18 57 52.44  35.6727 -117.5125  2.64  2.71  0.44  0.79  0.19 138  18   9   0       253
2019 07 04 18 58  7.89  35.7247 -117.5580  1.91  2.79  0.20  0.39  0.15  75  42  21   9       254
2019 07 04 18 58 35.67  35.6572 -117.5345  2.01  2.49  0.20  0.61  0.14  92  40  20   4       255
2019 07 04 18 59  5.08  35.6137 -117.5758 11.30  1.98  0.33  0.82  0.15 110  23  10   0       256
2019 07 04 18 59 38.36  35.6027 -117.6023  4.58  2.27  0.15  0.59  0.14  51  52  25   8       257
2019 07 04 18 59 54.65  35.7202 -117.5480  4.13  2.41  0.20  0.58  0.16  77  51  25   8       258
2019 07 04 19 00  9.67  35.7112 -117.5513  1.99  3.22  0.14  0.25  0.15  58  75  29  23       259
2019 07 04 19 00 14.00  35.6773 -117.5523  5.01  3.14  0.65  2.16  0.18 130  18  14   0       260
2019 07 04 19 00 57.86  35.7270 -117.5518  2.65  2.08  0.27  0.49  0.18  89  37  18   2       261
2019 07 04 19 01  6.36  35.6485 -117.5375  1.57  2.67  0.34  0.56  0.15  81  16   6   0       262
2019 07 04 19 01 10.80  35.7087 -117.5565  2.15  3.03  0.22  0.48  0.20  58  55  24   7       263
2019 07 04 19 01 28.38  35.6918 -117.5280  2.65  2.56  0.25  0.57  0.15  97  30  17   1       264
2019 07 04 19 01 44.69  35.7160 -117.5170  5.79  1.95  0.33  1.13  0.10 177  18   9   1       265
2019 07 04 19 02  0.18  35.7290 -117.5498  4.50  1.93  0.48  1.26  0.24 154  19  10   1       266
2019 07 04 19 02 24.82  35.6465 -117.5418  1.88  2.67  0.18  0.46  0.15  60  46  23   7       267
2019 07 04 19 02 44.31  35.6888 -117.4835 11.04  2.39  0.29  0.61  0.18 108  39  20   0       268
2019 07 04 19 03  2.54  35.6617 -117.5047 10.25  2.02  0.34  0.68  0.16 140  29  15   0       269
2019 07 04 19 03 39.59  35.7193 -117.5230  8.48  2.04  0.26  1.07  0.20  60  48  17   8       270
2019 07 04 19 03 42.38  35.6607 -117.5220  2.46  2.41  0.21  0.63  0.19  61  48  28   1       271
2019 07 04 19 03 58.10  35.6990 -117.5060  2.41  1.95  0.27  0.45  0.17  62  31  17   0       272
2019 07 04 19 04 21.05  35.6353 -117.5972 10.22  1.65  0.21  0.58  0.15  76  33  18   1       273
2019 07 04 19 04 36.50  35.6468 -117.5547  7.04  1.58  0.20  0.61  0.16  78  48  25   6       274
2019 07 04 19 04 57.31  35.7055 -117.5090  3.72  2.03  0.19  0.57  0.18  61  68  36   9       275
2019 07 04 19 05 34.01  35.6467 -117.5458  2.87  1.83  0.16  0.40  0.14  60  58  27   7       276
2019 07 04 19 05 46.69  35.6637 -117.5215  2.22  1.62  0.23  0.46  0.17  81  33  20   1       277
2019 07 04 19 06 10.38  35.7133 -117.5143  2.84  1.52  0.37  1.02  0.14 142  26  12   1       278
2019 07 04 19 06 25.43  35.6673 -117.5255  6.58  1.87  0.29  0.74  0.16 136  27  17   0       279
2019 07 04 19 06 45.33  35.7400 -117.5413  2.79  2.12  0.34  0.52  0.23 124  42  23   2       280
2019 07 04 19 06 55.14  35.6375 -117.5780  1.51  1.76  0.33  0.58  0.23 109  21  15   0       281
2019 07 04 19 09 17.70  35.6945 -117.4865 10.58  1.92  0.35  0.54  0.17 124  39  16   5       282
2019 07 04 19 09 55.98  35.7240 -117.5358  6.97  1.91  0.16  0.47  0.15  60  60  31   6       283
2019 07 04 19 10 19.82  35.6940 -117.4902  1.58  3.29  0.13  0.28  0.14  47  92  40  31       284
2019 07 04 19 11 25.42  35.7408 -117.5352  6.83  1.77  0.30  0.55  0.14 105  35  18   3       285
2019 07 04 19 11 52.84  35.5952 -117.5972  8.31  1.86  0.27  0.83  0.17 117  36  18   5       286
2019 07 04 19 11 58.47  35.6040 -117.5963  1.26  1.92  0.49  0.56  0.18 115  14  12   0       287
2019 07 04 19 12 42.07  35.6017 -117.6015  6.72  1.97  0.19  0.69  0.17  63  47  23   7       288
2019 07 04 19 12 47.18  35.6293 -117.5905  4.95  1.93  0.22  0.70  0.15 102  26  17   0       289
2019 07 04 19 13  4.54  35.6908 -117.4827  8.72  1.88  0.38  0.98  0.19 140  26  19   0       290
2019 07 04 19 13 17.10  35.6748 -117.5395  3.56  2.17  0.27  0.82  0.21  67  44  27   1       291
2019 07 04 19 13 41.11  35.7442 -117.5497  8.38  1.73  0.24  0.69  0.13  80  30  17   2       292
2019 07 04 19 14 59.49  35.6548 -117.5388  2.42  3.00  0.12  0.34  0.14  44  84  36  30       293
2019 07 04 19 15 19.59  35.7235 -117.5683  3.79  2.09  0.35  0.94  0.21 113  29  15   2       294
2019 07 04 19 16  6.32  35.7205 -117.5623  1.95  2.49  0.14  0.32  0.16  57  86  40  24       295
2019 07 04 19 16 17.58  35.7323 -117.5460  2.15  2.32  0.28  0.47  0.18 101  30  19   1       296
2019 07 04 19 16 57.40  35.6973 -117.5232  2.76  2.47  0.17  0.47  0.20  60  86  41  22       297
2019 07 04 19 17 35.03  35.6683 -117.5227  2.29  1.54  0.32  0.79  0.19 133  25  13   1       298
2019 07 04 19 17 51.36  35.6952 -117.5097  1.46  2.98  0.16  0.40  0.13  62  56  21  26       299
2019 07 04 19 17 58.14  35.6268 -117.6010 10.40  3.26  0.23  0.57  0.19  49  36  27   6       300
2019 07 04 19 18 51.42  35.5998 -117.5968  6.69  1.96  0.27  0.77  0.18  86  36  18   2       301
2019 07 04 19 20  1.23  35.7308 -117.5670  2.30  1.80  0.27  0.53  0.21  67  46  26   2       302
2019 07 04 19 20 24.17  35.7008 -117.4833  0.81  2.35  0.24  0.51  0.22  85  48  28   0       303
2019 07 04 19 20 51.76  35.6402 -117.5530  1.72  2.76  0.13  0.29  0.14  59  76  38  20       304
2019 07 04 19 21 12.88  35.7215 -117.5453  2.63  2.19  0.31  0.68  0.20  92  28  14   1       305
2019 07 04 19 21 17.76  35.7523 -117.5328  6.85  2.27  0.52  1.14  0.19 163  18  12   0       306
2019 07 04 19 21 32.09  35.6715 -117.4788  5.16  4.50  0.12  0.39  0.16  24 117  38  24       307
2019 07 04 19 25 44.37  35.7442 -117.5397  3.26  1.64  0.32  1.09  0.23  59  43  20   4       308
2019 07 04 19 26  7.99  35.7087 -117.5227  4.44  1.75  0.55  1.05  0.19 140  25  13   0       309
2019 07 04 19 26 20.38  35.7063 -117.4855  2.25  2.72  0.13  0.30  0.14  63  77  34  24       310
2019 07 04 19 26 26.16  35.7177 -117.5588  2.71  2.48  0.51  0.69  0.23 132  22  15   0       311
2019 07 04 19 26 58.48  35.7218 -117.5217  4.33  2.29  0.16  0.54  0.15  60  59  28  17       312
2019 07 04 19 27 18.26  35.6677 -117.4768  8.06  2.82  0.13  0.46  0.12  41  73  33  22       313
2019 07 04 19 27 40.76  35.7307 -117.5338 10.00  2.10  0.33  0.79  0.18  79  33  18   2       314
2019 07 04 19 29 14.60  35.6708 -117.4742  8.66  1.81  0.30  0.92  0.15 147  30  14   1       315
2019 07 04 19 29 27.31  35.6598 -117.5307  2.09  2.22  0.20  0.45  0.15  79  41  23   0       316
2019 07 04 19 31 53.92  35.7142 -117.5077  8.41  1.50  0.18  0.77  0.15  61  52  29   3       317
2019 07 04 19 32 27.00  35.6777 -117.5115  1.67  2.23  0.18  0.44  0.14  61  40  21   2       318
2019 07 04 19 32 48.99  35.7168 -117.5185  7.16  1.82  0.33  0.88  0.20  98  28  14   2       319
2019 07 04 19 33  1.71  35.6705 -117.4537  9.42  2.17  0.22  0.53  0.18  66  62  31  10       320
2019 07 04 19 33 21.16  35.6722 -117.5252  8.18  2.06  0.25  1.03  0.15  84  35  19   2       321
2019 07 04 19 34  7.48  35.6037 -117.5998  4.38  2.34  0.14  0.49  0.13  57  61  28  17       322
2019 07 04 19 34 18.65  35.7015 -117.5095  4.65  2.19  0.25  0.62  0.15 122  33  20   0       323
2019 07 04 19 34 52.15  35.6198 -117.5772  6.73  2.06  0.27  1.02  0.15 112  25   8   5       324
2019 07 04 19 35  1.55  35.7290 -117.5380  4.85  2.12  0.34  0.77  0.21  69  35  14   3       325
2019 07 04 19 35  5.96  35.5942 -117.5903  6.22  2.37  0.29  1.21  0.26  84  45  26   0       326
2019 07 04 19 35 38.54  35.6330 -117.5657  2.55  1.71  0.16  0.44  0.13  59  39  22   2       327
2019 07 04 19 36  9.17  35.6848 -117.5030  3.02  1.78  0.17  0.41  0.14  62  56  28   6       328
2019 07 04 19 36 36.75  35.6052 -117.6050  2.63  1.67  0.21  0.58  0.20  52  47  25   4       329
2019 07 04 19 38 22.93  35.7058 -117.4962  5.25  1.71  0.23  0.74  0.21  63  65  37   5       330
2019 07 04 19 39 36.52  35.6533 -117.5482  9.25  1.98  0.17  0.51  0.15  59  63  29  11       331
2019 07 04 19 39 49.72  35.6813 -117.5205  6.68  2.70  0.18  0.64  0.21  53  84  41  13       332
2019 07 04 19 40  8.09  35.7465 -117.5630  4.49  2.53  0.19  0.44  0.16  57  51  31   5       333
2019 07 04 19 40 29.12  35.6555 -117.5203  1.99  2.67  0.18  0.46  0.17  61  64  33  12       334
2019 07 04 19 41 55.62  35.7455 -117.5507  7.17  2.39  0.19  0.94  0.14  59  41  17   5       335
2019 07 04 19 42  6.94  35.7108 -117.5182  6.78  1.92  0.35  0.95  0.22  78  34  23   2       336
2019 07 04 19 42 28.47  35.5973 -117.5930  2.62  2.00  0.34  0.83  0.23  88  34  16   3       337
2019 07 04 19 42 35.86  35.5960 -117.6010  2.39  2.47  0.27  0.63  0.21 100  36  20   2       338
2019 07 04 19 42 57.84  35.6118 -117.5902  9.61  1.86  0.23  0.87  0.16  93  37  18   2       339
2019 07 04 19 43 24.57  35.7473 -117.5583  7.48  1.57  0.29  1.02  0.16 134  34  17   2       340
2019 07 04 19 45 13.02  35.5735 -117.6235  5.55  1.85  0.24  1.13  0.20  57  54  25   6       341
2019 07 04 19 46 44.92  35.6057 -117.5838  4.38  2.12  0.18  0.58  0.16  42  54  25  11       342
2019 07 04 19 47 41.37  35.6765 -117.5860  6.91  2.02  0.30  0.80  0.17 116  34  15   1       343
2019 07 04 19 47 50.20  35.6037 -117.5965  6.55  2.45  0.19  0.71  0.19  53  62  31   7       344
2019 07 04 19 48 42.26  35.6283 -117.5890  8.87  1.90  0.24  0.92  0.16 101  40  19  10       345
2019 07 04 19 49  4.98  35.6830 -117.4895  1.04  3.26  0.13  0.31  0.13  64  84  34  35       346
2019 07 04 19 51  6.97  35.6208 -117.5957  6.05  1.49  0.20  0.94  0.13 107  33  16   1       347
2019 07 04 19 51  8.51  35.6023 -117.5980  7.57  1.65  0.24  1.24  0.16  88  37  15   4       348
2019 07 04 19 51 16.98  35.7100 -117.5562  2.09  3.35  0.13  0.28  0.15  44  89  37  41       349
2019 07 04 19 52 13.05  35.6102 -117.5862  6.68  2.86  0.14  0.46  0.13  45  67  30  24       350
2019 07 04 19 52 39.41  35.6623 -117.5400  9.50  2.38  0.23  0.61  0.16 128  49  24   4       351
2019 07 04 19 53 18.73  35.6618 -117.5253  2.53  2.48  0.15  0.34  0.16  61  77  38  23       352
2019 07 04 19 53 43.92  35.7152 -117.5207  8.43  2.36  0.17  0.67  0.16  61  65  31  13       353
2019 07 04 19 54 17.09  35.6943 -117.4955  2.16  1.83  0.25  0.41  0.19  63  54  28   5       354
2019 07 04 19 55 51.43  35.7267 -117.5513  2.63  2.37  0.21  0.50  0.15  76  52  21  22       355
2019 07 04 19 56  0.50  35.6623 -117.5240  1.49  4.16  0.10  0.26  0.18  23 136  55 140       356
2019 07 04 19 56 25.89  35.6637 -117.5225  2.15  3.27  0.27  0.80  0.19  97  30  15   2       357
2019 07 04 19 58  0.29  35.7122 -117.5530  1.22  2.63  0.22  0.40  0.16 115  46  21  18       358
2019 07 04 19 58 49.22  35.7347 -117.5482  2.43  2.24  0.22  0.45  0.18  77  45  22   5       359
2019 07 04 19 59 43.37  35.6622 -117.5235  2.33  2.01  0.16  0.44  0.15  61  62  29  15       360
2019 07 04 20 00 11.49  35.6652 -117.5242  1.78  2.00  0.22  0.52  0.19  81  54  28   2       361
2019 07 04 20 01 11.16  35.6997 -117.5028  4.44  2.56  0.17  0.55  0.19  47  79  38  18       362
2019 07 04 20 01 32.93  35.6780 -117.5890  7.89  2.50  0.13  0.69  0.10  71  47  25  15       363
2019 07 04 20 03  7.57  35.6007 -117.6075  2.48  1.77  0.29  0.54  0.17  94  20  10   1       364
2019 07 04 20 04 15.53  35.7075 -117.4867  2.10  2.19  0.19  0.36  0.14  54  54  23  16       365
2019 07 04 20 04 17.61  35.6643 -117.5218  2.07  2.58  0.14  0.46  0.18  39  75  41   0       366
2019 07 04 20 04 52.32  35.7162 -117.5280  4.89  1.75  0.29  0.99  0.25  60  50  26   0       367
2019 07 04 20 05 29.98  35.7110 -117.5092  7.17  1.96  0.18  0.56  0.17  62  67  34  11       368
2019 07 04 20 05 44.75  35.6077 -117.5900  2.56  2.09  0.21  0.65  0.19  53  53  27   6       369
2019 07 04 20 06  8.25  35.6992 -117.4892 10.27  3.39  0.11  0.28  0.13  47  98  45  33       370
2019 07 04 20 07 32.51  35.6617 -117.5213  2.05  1.91  0.21  0.56  0.18  61  55  29   2       371
2019 07 04 20 07 58.85  35.6838 -117.5208  4.63  2.25  0.20  0.65  0.17  61  55  24  10       372
2019 07 04 20 08  2.99  35.6782 -117.5095  2.57  2.52  0.30  0.68  0.29  49  41  28   0       373
2019 07 04 20 08 28.63  35.5983 -117.5895  1.49  1.67  0.32  0.55  0.21  88  26  15   1       374
2019 07 04 20 08 36.30  35.6660 -117.5202  1.74  1.78  0.25  0.49  0.19  77  33  20   0       375
2019 07 04 20 09 44.43  35.7232 -117.5313  7.70  1.91  0.26  1.05  0.26  60  68  34   8       376
2019 07 04 20 11 31.44  35.6830 -117.5047  1.86  2.60  0.11  0.25  0.13  53  95  44  27       377
2019 07 04 20 12  9.46  35.7390 -117.5448  4.78  1.83  0.25  0.56  0.17  90  44  24   5       378
2019 07 04 20 12 36.36  35.7250 -117.5358  2.20  1.37  0.27  0.44  0.14 138  24  13   1       379
2019 07 04 20 13  6.50  35.6038 -117.6035  2.38  1.41  0.13  0.32  0.12  87  44  20   8       380
2019 07 04 20 13 29.45  35.5733 -117.6133  6.98  1.64  0.17  0.58  0.16  69  57  29  12       381
2019 07 04 20 14 50.34  35.6992 -117.5125  5.75  3.99  0.11  0.45  0.15  23 119  46  37       382
2019 07 04 20 16 10.43  35.6715 -117.5115  3.75  2.32  0.32  0.97  0.16 138  29  15   0       383
2019 07 04 20 17 36.83  35.7000 -117.4837  1.25  3.09  0.13  0.30  0.13  47  86  38  36       384
2019 07 04 20 19 13.21  35.5777 -117.6307  4.45  1.68  0.18  0.57  0.15  73  54  25  11       385
2019 07 04 20 19 39.41  35.6045 -117.5908  1.78  1.84  0.17  0.45  0.18  46  64  30  15       386
2019 07 04 20 20  9.29  35.6792 -117.5068  5.60  2.17  0.18  0.75  0.17  54  66  33  13       387
2019 07 04 20 23  9.93  35.6408 -117.5973 10.39  3.43  0.12  0.28  0.15  40 109  48  37       388
2019 07 04 20 23 58.54  35.6570 -117.5500  6.52  2.40  0.20  0.70  0.18  60  69  33  17       389
2019 07 04 20 24 25.11  35.7438 -117.5387  3.13  1.89  0.19  0.74  0.15  69  47  25   9       390
2019 07 04 20 28 15.83  35.6023 -117.6073  3.71  1.59  0.18  0.74  0.14  53  42  19  16       391
2019 07 04 20 28 26.83  35.6790 -117.5118  4.96  1.69  0.34  0.51  0.11  80  21  11   5       392
2019 07 04 20 28 41.14  35.6715 -117.5262  2.02  1.76  0.20  0.36  0.15 133  32  19   1       393
2019 07 04 20 29 34.17  35.6700 -117.5203  4.93  1.75  0.21  0.71  0.19  80  65  34   6       394
2019 07 04 20 30  8.78  35.6192 -117.5747  2.09  1.62  0.19  0.50  0.18 100  55  28   7       395
2019 07 04 20 32 20.22  35.7337 -117.5445  7.02  1.60  0.24  0.65  0.19  59  51  26   5       396
2019 07 04 20 32 34.30  35.6388 -117.5542  6.44  2.05  0.15  0.53  0.14  53  62  32   8       397
2019 07 04 20 33 55.17  35.6477 -117.5475  9.06  1.66  0.18  0.65  0.13  78  47  22   9       398
2019 07 04 20 34 32.05  35.6393 -117.5838  8.19  2.62  0.12  0.43  0.15  42  94  44  25       399
2019 07 04 20 35 21.06  35.7390 -117.5427  3.83  2.37  0.13  0.42  0.13  58  71  33  23       400
2019 07 04 20 36  3.64  35.6188 -117.5825  7.99  1.52  0.27  1.36  0.17 110  27  14   0       401
2019 07 04 20 36 59.35  35.7088 -117.5167  6.90  1.70  0.20  0.51  0.12  78  42  20   9       402
2019 07 04 20 37 29.50  35.6437 -117.5497  4.94  2.01  0.13  0.49  0.13  60  71  34  11       403
2019 07 04 20 38 56.06  35.7148 -117.5160  8.04  1.96  0.16  0.67  0.12  61  54  26  16       404
2019 07 04 20 39  5.61  35.7175 -117.5187  5.75  1.75  0.43  1.40  0.19  98  24  16   1       405
2019 07 04 20 39 14.31  35.6725 -117.5257  4.74  2.42  0.14  0.38  0.13  60  66  32  10       406
2019 07 04 20 39 39.70  35.6730 -117.5267  2.66  1.71  0.25  0.58  0.17 134  34  20   0       407
2019 07 04 20 40  3.03  35.7050 -117.4875  6.29  1.93  0.19  0.60  0.13  63  50  25   4       408
2019 07 04 20 40 17.93  35.7347 -117.5325 11.61  1.61  0.27  0.81  0.17 119  40  22   5       409
2019 07 04 20 41 21.43  35.6578 -117.5332  6.12  1.64  0.22  0.76  0.13  75  35  17   5       410
2019 07 04 20 41 32.48  35.6388 -117.6045  6.74  2.18  0.16  0.53  0.18  60  70  35   8       411
2019 07 04 20 42 18.76  35.7483 -117.5368  6.70  1.41  0.21  0.54  0.14  87  48  26   8       412
2019 07 04 20 42 42.16  35.6308 -117.5842  8.88  1.60  0.16  0.54  0.13  54  53  26  13       413
2019 07 04 20 43 16.99  35.5982 -117.5922  2.66  1.68  0.19  0.55  0.18  87  52  26   9       414
2019 07 04 20 45 26.71  35.7028 -117.4775  1.31  3.10  0.14  0.36  0.15  55  82  33  33       415
2019 07 04 20 46 23.36  35.6832 -117.5037  1.26  2.11  0.22  0.50  0.21  62  60  29   1       416
2019 07 04 20 49  6.46  35.6635 -117.5315  4.09  1.98  0.16  0.45  0.14  61  56  29   5       417
2019 07 04 20 49 42.97  35.6007 -117.5988  4.51  1.91  0.17  0.59  0.16  63  54  26  13       418
2019 07 04 20 50 20.20  35.7275 -117.5635  6.61  2.09  0.14  0.48  0.15  57  77  40  12       419
2019 07 04 20 51 54.55  35.6238 -117.5713 10.30  1.62  0.17  0.41  0.13  54  54  25  13       420
2019 07 04 20 52 24.52  35.6722 -117.4810  5.58  2.29  0.18  0.66  0.14  47  61  28  13       421
2019 07 04 20 53 26.33  35.5918 -117.6112  2.21  1.74  0.28  0.67  0.22  91  39  21   3       422
2019 07 04 20 53 40.45  35.6618 -117.5300  5.99  2.02  0.20  0.66  0.15  85  53  26   6       423
2019 07 04 20 54 45.01  35.6550 -117.5395  8.92  1.45  0.20  0.75  0.15  60  44  23   9       424
2019 07 04 20 54 58.78  35.7025 -117.4997 10.03  1.50  0.22  0.54  0.15  63  43  24   5       425
2019 07 04 20 55 25.07  35.7117 -117.4808  2.39  3.40  0.12  0.28  0.15  64  96  44  33       426
2019 07 04 20 55 50.59  35.6920 -117.5337  3.42  2.42  0.25  0.74  0.17  60  37  22   1       427
2019 07 04 20 56 25.34  35.6802 -117.4865 11.00  1.90  0.38  0.65  0.16 161  26  15   0       428
2019 07 04 20 56 38.95  35.6835 -117.5235  2.80  1.88  0.28  0.63  0.17 103  38  20   3       429
2019 07 04 20 57 12.36  35.6595 -117.5355  7.12  2.57  0.15  0.53  0.16  37  82  38  21       430
2019 07 04 20 57 30.48  35.7425 -117.5438  4.81  2.14  0.22  0.51  0.17  71  49  28   6       431
2019 07 04 20 58  9.79  35.6277 -117.5692  1.94  1.74  0.22  0.44  0.18  81  46  22   3       432
2019 07 04 20 58 57.63  35.7202 -117.5478  2.13  1.87  0.16  0.37  0.14  62  53  24  17       433
2019 07 04 20 59  0.43  35.7002 -117.5125  2.73  1.90  0.29  0.60  0.20  67  33  23   1       434
2019 07 04 20 59 29.51  35.6872 -117.5030  5.09  2.27  0.16  0.57  0.15  54  69  34  20       435
2019 07 04 21 00  9.68  35.6338 -117.5653  2.60  1.83  0.21  0.52  0.17  80  47  24   4       436
2019 07 04 21 00 30.01  35.6327 -117.5625  2.34  1.62  0.14  0.35  0.13  58  51  27   5       437
2019 07 04 21 00 57.24  35.6797 -117.5878  8.04  2.30  0.14  0.56  0.14  57  66  33  16       438
2019 07 04 21 01 29.28  35.6565 -117.5218  1.58  2.26  0.15  0.33  0.15  54  66  34  14       439
2019 07 04 21 01 45.33  35.6977 -117.4828  1.31  1.83  0.22  0.38  0.15  64  35  20   3       440
2019 07 04 21 02 55.82  35.6900 -117.4832  7.89  3.47  0.12  0.45  0.14  38 104  48  41       441
2019 07 04 21 05 57.29  35.6257 -117.5735  2.63  1.59  0.24  0.71  0.22  54  55  28  12       442
2019 07 04 21 07  8.53  35.5977 -117.5980  4.93  2.62  0.12  0.41  0.15  37  89  42  25       443
2019 07 04 21 07 39.76  35.6778 -117.5880  9.07  1.84  0.17  0.66  0.13  78  46  27   9       444
2019 07 04 21 07 55.66  35.6652 -117.5660  4.36  1.71  0.18  0.49  0.13  89  47  26   8       445
2019 07 04 21 09 16.50  35.6978 -117.5035  6.93  1.41  0.23  0.65  0.15  83  42  20  10       446
2019 07 04 21 09 37.92  35.6007 -117.6202  2.04  1.51  0.27  0.48  0.22  83  38  20   5       447
2019 07 04 21 09 47.34  35.6212 -117.5927  6.55  1.78  0.23  0.86  0.16  97  32  23   4       448
2019 07 04 21 11  9.69  35.6843 -117.5330  6.83  1.61  0.26  0.76  0.21  62  53  26   9       449
2019 07 04 21 11 52.03  35.6393 -117.5520  8.37  2.08  0.15  0.48  0.15  59  73  35  23       450
2019 07 04 21 12  8.97  35.7055 -117.5072  7.05  1.67  0.24  0.63  0.15  61  42  25   4       451
2019 07 04 21 12 26.36  35.6668 -117.4727  8.72  1.56  0.25  0.66  0.17  88  45  24   9       452
2019 07 04 21 12 54.89  35.7085 -117.4763  1.16  1.48  0.24  0.37  0.12 127  34  16   1       453
2019 07 04 21 13 24.84  35.5983 -117.6163  4.16  1.65  0.17  0.56  0.15  83  42  22   9       454
2019 07 04 21 13 50.65  35.6723 -117.5872  8.60  1.56  0.20  0.75  0.15  79  44  24   2       455
2019 07 04 21 14  0.86  35.6768 -117.5132  6.47  1.65  0.23  0.69  0.16  86  46  28   7       456
2019 07 04 21 14 36.09  35.6880 -117.5045  5.98  1.46  0.21  0.90  0.11  83  37  17  10       457
2019 07 04 21 14 43.02  35.6592 -117.5377  7.92  1.93  0.19  0.65  0.15  74  47  28   4       458
2019 07 04 21 15 31.91  35.6470 -117.5788  9.23  1.70  0.15  0.43  0.12  83  49  27  11       459
2019 07 04 21 15 55.48  35.7237 -117.5570  3.00  2.43  0.13  0.36  0.13  58  69  34  29       460
2019 07 04 21 16 20.64  35.7463 -117.5500  6.85  2.25  0.28  0.66  0.16  89  45  24   6       461
2019 07 04 21 16 55.89  35.6862 -117.5053  6.27  1.65  0.22  0.76  0.12  62  34  17   5       462
2019 07 04 21 17 31.33  35.7033 -117.4800 -0.79  1.69  0.27  0.51  0.20  63  39  22   0       463
2019 07 04 21 17 46.13  35.6587 -117.5265  1.46  1.33  0.27  0.41  0.16  75  29  15   3       464
2019 07 04 21 18 40.59  35.5947 -117.5990  4.75  1.82  0.18  0.55  0.16  87  50  27  12       465
2019 07 04 21 21 20.77  35.6157 -117.5715 10.12  1.32  0.28  0.67  0.20 100  39  21   4       466
2019 07 04 21 21 55.17  35.6260 -117.5720  1.64  1.86  0.14  0.28  0.14  54  61  28  18       467
2019 07 04 21 22 55.53  35.6003 -117.6015  4.77  1.18  0.22  0.67  0.12  85  28   4   7       468
2019 07 04 21 22 59.39  35.6413 -117.5533  4.63  2.26  0.16  0.51  0.16  59  62  30  15       469
2019 07 04 21 23 15.06  35.6955 -117.4892  2.57  2.81  0.13  0.32  0.15  40  81  39  18       470
2019 07 04 21 23 30.15  35.6863 -117.5088  2.53  2.04  0.36  0.55  0.16 102  20  13   1       471
2019 07 04 21 24 20.62  35.8725 -117.6925  8.43  1.22  0.26  0.75  0.09  97  21  10   5       472
2019 07 04 21 25 28.16  35.6707 -117.5183  2.53  2.09  0.13  0.29  0.12  62  67  32  18       473
2019 07 04 21 25 49.24  35.6737 -117.5162  2.36  2.17  0.14  0.32  0.13  62  56  33  15       474
2019 07 04 21 26 15.63  35.7347 -117.5473  2.54  2.21  0.14  0.38  0.13  58  57  28  17       475
2019 07 04 21 26 35.00  35.6748 -117.5253  9.41  2.98  0.14  0.40  0.15  61  83  38  21       476
2019 07 04 21 27  1.97  35.6958 -117.4950  2.35  2.32  0.23  0.41  0.18  85  50  30   7       477
2019 07 04 21 28 21.92  35.6637 -117.5227  1.43  1.40  0.25  0.44  0.18  97  28  19   1       478
2019 07 04 21 28 22.17  35.8843 -117.6927  7.41  1.43  0.34  0.88  0.16  76  21   7   2       479
2019 07 04 21 28 44.14  35.7190 -117.5345  4.21  2.46  0.14  0.47  0.16  50  89  44  25       480
2019 07 04 21 29 17.76  35.7157 -117.5357  3.39  1.71  0.26  0.78  0.14 118  27  15   2       481
2019 07 04 21 30 10.12  35.7510 -117.5358  6.32  1.14  0.19  0.56  0.11 119  40  20  12       482
2019 07 04 21 30 44.53  35.5677 -117.6193  7.33  1.45  0.32  1.15  0.17  90  24  12   2       483
2019 07 04 21 30 58.36  35.5745 -117.6363  6.62  1.56  0.15  0.50  0.13  49  55  28   8       484
2019 07 04 21 31 13.63  35.6468 -117.5423  2.40  2.27  0.14  0.34  0.14  60  74  36  21       485
2019 07 04 21 31 51.46  35.7337 -117.5320 10.23  1.50  0.26  0.61  0.14 139  37  18  12       486
2019 07 04 21 32 11.10  35.6235 -117.5955  9.25  1.55  0.17  0.63  0.13  79  43  22  16       487
2019 07 04 21 32 46.25  35.7288 -117.5657  7.02  2.65  0.12  0.37  0.12  57  76  37  30       488
2019 07 04 21 33 34.35  35.6170 -117.5898  7.45  3.15  0.10  0.51  0.13  47  96  39  40       489
2019 07 04 21 34 41.54  35.6943 -117.4923  1.52  1.80  0.37  0.45  0.18 130  34  18   6       490
2019 07 04 21 35  0.16  35.7135 -117.5337  7.75  1.56  0.53  1.86  0.25 155  26  14   3       491
2019 07 04 21 35 23.73  35.7385 -117.5177  7.32  1.45  0.30  0.97  0.14 143  34  17  12       492
2019 07 04 21 35 45.34  35.6437 -117.5598  7.10  1.82  0.18  0.53  0.13  73  49  24  15       493
2019 07 04 21 36  0.04  35.7027 -117.4830  2.96  1.56  0.33  0.84  0.16 148  32  19   9       494
2019 07 04 21 36 25.41  35.7107 -117.4825  2.87  1.90  0.18  0.68  0.15  54  62  31  21       495
2019 07 04 21 37  4.57  35.7052 -117.4855  2.74  1.55  0.19  0.51  0.13  63  40  19   6       496
2019 07 04 21 37 13.25  35.7228 -117.5278  4.40  1.72  0.19  0.55  0.11  96  30  13  10       497
2019 07 04 21 37 17.20  35.7055 -117.5138  2.08  2.28  0.24  0.41  0.20  79  43  24   3       498
2019 07 04 21 37 32.81  35.6622 -117.5205  1.64  2.18  0.20  0.41  0.17  68  40  25   3       499
2019 07 04 21 38 44.74  35.6963 -117.5082  4.73  1.25  0.41  0.84  0.17  82  23  10   2       500
2019 07 04 21 38 53.53  35.7058 -117.4882  4.44  1.42  0.20  0.57  0.14  63  42  21   5       501
2019 07 04 21 39 12.50  35.6893 -117.4962  4.89  1.54  0.27  0.90  0.18  63  44  23   7       502
2019 07 04 21 40 33.42  35.6702 -117.5182  1.78  3.44  0.11  0.27  0.14  38 110  52  47       503
2019 07 04 21 41 32.28  35.6062 -117.5973  4.58  2.28  0.16  0.59  0.13  84  48  23  12       504
2019 07 04 21 41 39.60  35.6385 -117.5580 10.46  2.27  0.25  0.67  0.16 116  30  20   2       505
2019 07 04 21 41 59.89  35.7175 -117.5327  3.12  2.82  0.13  0.54  0.13  59  73  37  22       506
2019 07 04 21 42 55.78  35.6738 -117.5173  1.89  1.47  0.39  0.51  0.15 136  19   5   4       507
2019 07 04 21 43  0.88  35.7023 -117.4923 11.95  1.66  0.35  0.99  0.17 105  35  18   2       508
2019 07 04 21 43  1.13  35.7113 -117.5062 11.80  1.71  0.21  0.73  0.15  62  47  22  16       509
2019 07 04 21 43 51.53  35.6708 -117.5180  1.98  1.30  0.22  0.52  0.18  62  48  24  14       510
2019 07 04 21 44  9.76  35.6912 -117.5165  6.96  2.47  0.12  0.39  0.12  52  79  35  21       511
2019 07 04 21 45  3.01  35.7338 -117.5247 10.67  1.36  0.25  0.45  0.13  80  36  17   5       512
2019 07 04 21 45 30.89  35.6157 -117.5945  7.03  1.37  0.18  0.53  0.11  95  32  17   5       513
2019 07 04 21 46  8.50  35.5968 -117.5960  4.67  2.60  0.13  0.43  0.13  38  76  36  26       514
2019 07 04 21 46 33.98  35.7025 -117.4800  1.14  2.36  0.18  0.35  0.16  63  62  32  20       515
2019 07 04 21 47  4.37  35.6335 -117.6060  9.67  3.25  0.11  0.31  0.14  36 102  47  36       516
2019 07 04 21 47 50.28  35.6650 -117.5265  6.69  2.13  0.17  0.53  0.12  95  49  24  12       517
2019 07 04 21 48 21.39  35.7285 -117.5373  3.27  1.52  0.27  0.97  0.18  93  38  20   5       518
2019 07 04 21 50 24.48  35.6775 -117.4855  9.77  2.38  0.13  0.32  0.13  54  75  37  21       519
2019 07 04 21 50 53.71  35.7035 -117.4970 10.64  1.76  0.20  0.41  0.14  63  47  24   6       520
2019 07 04 21 51 41.97  35.6838 -117.6062  9.05  1.33  0.23  0.68  0.18  77  47  23  12       521
2019 07 04 21 53 39.82  35.7310 -117.5400  1.80  1.75  0.18  0.39  0.17  59  60  29  11       522
2019 07 04 21 54 20.07  35.6258 -117.5688  1.66  1.80  0.13  0.24  0.12  55  56  27  14       523
2019 07 04 21 54 49.16  35.6657 -117.5230  4.36  1.87  0.16  0.45  0.14  61  62  29  15       524
2019 07 04 21 55  2.88  35.6108 -117.6020  1.79  1.51  0.25  0.51  0.19  81  33  18   3       525
2019 07 04 21 55 42.45  35.5738 -117.6075  4.36  1.75  0.23  0.57  0.16  92  38  20   7       526
2019 07 04 21 55 42.91  35.7178 -117.5353  5.46  1.50  0.30  1.25  0.17  75  31  16   3       527
2019 07 04 21 56 38.60  35.7352 -117.5445  2.58  1.50  0.21  0.43  0.15  72  44  23   6       528
2019 07 04 21 58  9.43  35.7092 -117.5517  1.97  1.81  0.17  0.31  0.13  73  50  22  14       529
2019 07 04 21 58 13.85  35.6657 -117.5302  4.62  2.16  0.19  0.50  0.16  80  50  31   1       530
2019 07 04 21 58 29.45  35.6642 -117.5197  1.42  1.81  0.21  0.44  0.18  67  43  26   1       531
2019 07 04 21 59 15.38  35.7272 -117.5185  1.98  2.04  0.17  0.42  0.16  51  55  22  18       532
2019 07 04 21 59 21.96  35.7155 -117.4740  1.65  2.31  0.17  0.31  0.16  54  54  29   6       533
2019 07 04 22 00  1.30  35.7053 -117.5110  6.74  1.92  0.16  0.52  0.12  61  54  27  15       534
2019 07 04 22 02 35.06  35.6768 -117.5128  2.88  3.44  0.11  0.30  0.14  37 114  47  49       535
2019 07 04 22 03 30.42  35.7370 -117.5397  9.16  2.22  0.23  0.66  0.14  92  48  23  15       536
2019 07 04 22 03 38.28  35.6352 -117.5817  9.67  2.14  0.21  0.62  0.17  78  39  26   2       537
2019 07 04 22 04  8.38  35.6668 -117.5668  7.16  2.06  0.17  0.56  0.14  65  54  29  15       538
2019 07 04 22 04 25.32  35.7173 -117.5447  4.84  1.51  0.20  0.53  0.14  92  34  20   8       539
2019 07 04 22 05  3.21  35.6572 -117.5325  8.49  2.78  0.15  0.48  0.12  60  60  26  29       540
2019 07 04 22 05 22.27  35.7115 -117.4770  1.32  3.56  0.14  0.30  0.13  64  72  38  26       541
2019 07 04 22 06 24.72  35.7358 -117.5420  4.06  2.18  0.18  0.61  0.15  91  55  26  14       542
2019 07 04 22 07 20.15  35.7232 -117.5322  3.12  1.73  0.17  0.77  0.15  60  52  26  17       543
2019 07 04 22 09 37.30  35.6222 -117.5880  7.61  1.35  0.31  1.50  0.22  81  36  17  10       544
2019 07 04 22 10  0.07  35.6387 -117.5542  2.01  2.26  0.17  0.42  0.13  59  43  21  16       545
2019 07 04 22 10  1.33  35.7360 -117.5570  5.60  2.27  0.31  1.10  0.15  76  35  17   9       546
2019 07 04 22 12  8.49  35.7463 -117.5637  5.76  4.43  0.10  0.42  0.15  44 118  45  82       547
2019 07 04 22 15 30.31  35.7492 -117.5653  5.89  1.88  0.17  0.59  0.12  85  50  22  18       548
2019 07 04 22 15 34.52  35.6140 -117.5915 10.69  2.00  0.24  0.63  0.17  62  35  20   5       549
2019 07 04 22 17 18.20  35.6997 -117.5213  4.78  2.29  0.18  0.62  0.17  69  68  32  21       550
2019 07 04 22 17 35.84  35.7250 -117.5585  3.06  1.76  0.20  0.39  0.14  88  32  18   5       551
2019 07 04 22 18 18.01  35.6088 -117.5943  5.02  2.10  0.11  0.37  0.11  52  67  32  28       552
2019 07 04 22 19  5.93  35.7447 -117.5652  4.10  1.37  0.20  0.48  0.10  95  32  15  12       553
2019 07 04 22 19  9.52  35.5988 -117.6032  2.52  1.75  0.24  0.68  0.19  67  34  19   4       554
2019 07 04 22 19 55.47  35.7020 -117.5098 11.13  2.27  0.14  0.33  0.13  61  67  33  24       555
2019 07 04 22 20 26.86  35.6053 -117.5873  4.25  1.80  0.16  0.55  0.13  52  50  24  19       556
2019 07 04 22 23  9.29  35.6145 -117.5803  8.14  1.59  0.18  0.70  0.15  97  47  24   9       557
2019 07 04 22 25 16.57  35.6985 -117.4865  6.99  1.46  0.29  0.67  0.15  94  33  19   6       558
2019 07 04 22 25 48.78  35.6595 -117.5847  0.88  1.68  0.23  0.52  0.21  69  42  19   5       559
2019 07 04 22 25 49.64  35.6663 -117.4723 12.22  1.66  0.33  0.80  0.21 124  48  24   1       560
2019 07 04 22 27 51.24  35.6763 -117.5088  0.73  1.63  0.22  0.42  0.20  62  46  23   9       561
2019 07 04 22 28 30.75  35.6905 -117.4895  7.15  2.03  0.16  0.50  0.13  63  60  27  21       562
2019 07 04 22 28 55.57  35.6670 -117.5240  2.39  1.37  0.27  0.53  0.14 133  29  13   3       563
2019 07 04 22 29  6.57  35.7038 -117.4965  9.13  2.60  0.15  0.47  0.13  71  67  31  22       564
2019 07 04 22 29 35.05  35.6552 -117.5370  1.33  1.49  0.21  0.32  0.13  79  33  17   5       565
2019 07 04 22 30  0.68  35.5753 -117.6348  5.92  1.56  0.18  0.81  0.10  72  34  10  20       566
2019 07 04 22 30  7.80  35.7025 -117.4922  1.47  2.51  0.13  0.34  0.12  53  68  32  33       567
2019 07 04 22 30 19.81  35.6552 -117.5320  2.33  2.18  0.25  0.51  0.17  79  22  19   3       568
2019 07 04 22 31 38.99  35.6487 -117.5405  4.11  1.72  0.18  0.61  0.15  71  53  25  16       569
2019 07 04 22 32 11.23  35.6670 -117.5178  2.15  1.45  0.17  0.38  0.12  78  45  22  20       570
2019 07 04 22 32 33.50  35.5763 -117.6187  6.75  1.61  0.23  0.64  0.15  89  43  21  10       571
2019 07 04 22 33 32.83  35.7377 -117.5277  2.56  1.18  0.35  0.49  0.14 101  20  10   7       572
2019 07 04 22 33 49.26  35.7257 -117.5203  1.97  1.55  0.36  0.49  0.13 142  21  12   6       573
2019 07 04 22 33 50.45  35.5745 -117.6273  6.83  1.57  0.42  1.16  0.19 104  19  11   3       574
2019 07 04 22 34 28.03  35.7005 -117.4850  1.34  2.17  0.20  0.42  0.19  53  71  35  26       575
2019 07 04 22 35 18.37  35.7020 -117.4887  1.12  1.57  0.23  0.50  0.17  63  45  22  10       576
2019 07 04 22 35 39.23  35.6322 -117.6078 10.59  2.41  0.14  0.35  0.14  50  71  34  22       577
2019 07 04 22 36 23.37  35.7098 -117.5095  8.30  2.04  0.15  0.61  0.14  62  65  34  14       578
2019 07 04 22 37  2.80  35.6032 -117.6035  2.62  1.52  0.19  0.52  0.16  84  44  23   9       579
2019 07 04 22 38 13.19  35.7167 -117.5200  4.14  2.06  0.13  0.42  0.13  61  67  32  18       580
2019 07 04 22 39  4.63  35.7610 -117.5485  9.70  1.72  0.26  0.60  0.16 137  43  22   9       581
2019 07 04 22 40 46.37  35.7188 -117.5193  4.96  1.45  0.16  0.55  0.13  61  46  22  10       582
2019 07 04 22 42 21.78  35.7222 -117.5235  4.41  3.23  0.10  0.38  0.14  37 107  47  44       583
2019 07 04 22 43 35.33  35.6713 -117.5613  7.08  1.40  0.34  0.81  0.16 139  22  12   2       584
2019 07 04 22 44  9.62  35.6030 -117.5947  6.86  2.19  0.16  0.53  0.16  57  66  32  19       585
2019 07 04 22 44 50.75  35.5917 -117.5897  6.36  1.52  0.22  0.87  0.16 104  36  19   5       586
2019 07 04 22 45 20.94  35.5772 -117.6230  4.84  1.39  0.23  0.57  0.16  73  37  16  10       587
2019 07 04 22 45 47.23  35.7327 -117.5450  2.92  1.29  0.24  0.43  0.14 137  35  17   7       588
2019 07 04 22 46  1.68  35.6087 -117.5845  6.65  1.55  0.19  0.64  0.15  85  42  22   5       589
2019 07 04 22 48 23.47  35.6703 -117.5375  2.70  1.45  0.30  0.66  0.21  78  27  14   2       590
2019 07 04 22 48 47.39  35.7712 -117.6082  3.11  1.71  0.13  0.27  0.11  60  55  27  14       591
2019 07 04 22 50 10.07  35.6812 -117.5268  2.82  1.47  0.23  0.48  0.20  69  58  29   3       592
2019 07 04 22 51 42.72  35.7437 -117.5483  4.51  1.99  0.14  0.40  0.13  70  68  34  16       593
2019 07 04 22 51 57.15  35.6632 -117.5190  2.13  2.22  0.17  0.40  0.14  61  55  28  16       594
2019 07 04 22 53 12.07  35.6663 -117.5115  5.92  1.34  0.18  0.71  0.12  79  37  20   3       595
2019 07 04 22 53 24.32  35.6340 -117.6112 11.95  1.42  0.26  0.73  0.16  98  47  25   7       596
2019 07 04 22 56 57.28  35.6377 -117.5647  8.82  2.11  0.16  0.51  0.15  59  65  31  19       597
2019 07 04 22 57 36.08  35.5952 -117.5927  4.01  1.24  0.18  0.54  0.13  99  37  19   6       598
2019 07 04 22 57 51.43  35.6835 -117.4952  6.48  1.67  0.22  0.69  0.17  63  55  28  12       599
2019 07 04 22 58 35.39  35.7138 -117.5258  4.80  1.76  0.14  0.49  0.12  60  61  30  20       600
2019 07 04 22 59  1.59  35.5850 -117.6070  8.41  1.81  0.24  0.84  0.18  89  47  26   5       601
2019 07 04 23 00 25.43  35.6167 -117.5957  9.54  1.74  0.22  0.79  0.16  94  38  16   5       602
2019 07 04 23 01 33.23  35.6880 -117.4867  1.38  2.21  0.19  0.41  0.19  55  70  34  15       603
2019 07 04 23 02  0.02  35.6622 -117.5392 10.22  1.97  0.19  0.47  0.15  73  50  27  10       604
2019 07 04 23 02  8.76  35.7282 -117.5382  5.50  1.68  0.20  0.97  0.14  74  33  21   3       605
2019 07 04 23 02 35.43  35.5760 -117.6158  2.44  1.32  0.23  0.52  0.20  89  35  19   6       606
2019 07 04 23 03 29.14  35.6255 -117.5717  2.46  2.17  0.13  0.39  0.13  54  63  30  19       607
2019 07 04 23 03 42.82  35.6030 -117.5998  2.38  1.77  0.17  0.43  0.12  62  27  17   1       608
2019 07 04 23 04 34.87  35.6752 -117.5097  4.55  1.40  0.22  0.57  0.15  81  41  20   2       609
2019 07 04 23 04 58.01  35.7495 -117.5613  4.33  1.14  0.24  0.57  0.17 134  44  23   7       610
2019 07 04 23 05  9.67  35.7233 -117.5208  3.35  1.88  0.15  0.57  0.16  51  64  32  12       611
2019 07 04 23 05 41.15  35.7223 -117.5320  5.23  1.18  0.26  1.57  0.12 139  27  13  10       612
2019 07 04 23 06 12.06  35.6990 -117.5168  2.09  2.03  0.28  0.60  0.22 141  48  21  17       613
2019 07 04 23 06 19.38  35.6980 -117.5213  5.02  2.31  0.17  0.55  0.16  78  57  33   6       614
2019 07 04 23 06 28.70  35.5682 -117.6135  2.93  2.04  0.28  0.90  0.18  94  28  19   1       615
2019 07 04 23 06 47.55  35.6850 -117.5035  2.93  1.50  0.27  0.58  0.15 143  28  16   2       616
2019 07 04 23 07 10.71  35.7042 -117.4867  1.51  2.57  0.11  0.29  0.11  53  73  34  27       617
2019 07 04 23 08 11.03  35.5963 -117.6102  4.51  1.56  0.27  0.85  0.22  84  40  21   3       618
2019 07 04 23 08 35.48  35.6702 -117.5157  8.12  1.51  0.17  0.76  0.14  62  51  26  16       619
2019 07 04 23 08 47.56  35.6935 -117.5230  6.02  1.42  0.30  1.04  0.17  61  31  21   1       620
2019 07 04 23 09  7.98  35.6915 -117.4847  0.87  1.87  0.18  0.33  0.17  63  58  28  16       621
2019 07 04 23 09 28.66  35.6925 -117.4958 -0.03  2.04  0.21  0.49  0.17  63  46  24   1       622
2019 07 04 23 09 32.12  35.7572 -117.5567  6.64  1.99  0.30  0.76  0.12 137  16   9   0       623
2019 07 04 23 09 57.88  35.5833 -117.6362  1.91  1.42  0.22  0.47  0.15  81  28  14   1       624
2019 07 04 23 10 25.17  35.6005 -117.5532 12.31  1.27  0.19  0.56  0.15  54  51  26   6       625
2019 07 04 23 10 30.68  35.7050 -117.5583  0.99  1.25  0.62  0.54  0.17 129  13   6   1       626
2019 07 04 23 10 47.92  35.6363 -117.5472  8.61  1.55  0.24  0.93  0.18  80  37  23   1       627
2019 07 04 23 12 40.40  35.6732 -117.4713  9.01  3.53  0.13  0.35  0.14  38  92  43  43       628
2019 07 04 23 13  5.01  35.7462 -117.5775  4.40  3.04  0.15  0.41  0.13  66  49  23  15       629
2019 07 04 23 14 20.28  35.5928 -117.5968  5.59  1.88  0.16  0.86  0.13  88  48  24   8       630
2019 07 04 23 14 32.78  35.7462 -117.5782  3.88  2.48  0.13  0.45  0.17  55  80  38  15       631
2019 07 04 23 15 56.77  35.6777 -117.5038  4.86  1.44  0.29  0.79  0.17  83  32  14   6       632
2019 07 04 23 16 21.03  35.7340 -117.5333  6.82  1.59  0.33  0.84  0.23 119  49  25   3       633
2019 07 04 23 16 49.79  35.6907 -117.4958  5.64  1.36  0.18  0.79  0.11  63  34  20   2       634
2019 07 04 23 17 20.42  35.6880 -117.5105  1.52  1.92  0.19  0.41  0.18  72  62  31   9       635
2019 07 04 23 17 23.00  35.6652 -117.5643  9.36  2.04  0.26  0.68  0.13 105  26  12   1       636
2019 07 04 23 17 31.32  35.6870 -117.4908  0.79  1.62  0.22  0.32  0.15  63  28  22   1       637
2019 07 04 23 17 50.70  35.6818 -117.5665  8.72  1.91  0.20  0.78  0.15  74  49  25  14       638
2019 07 04 23 18 25.44  35.7477 -117.5442 11.81  1.54  0.36  0.82  0.20 137  40  19  10       639
2019 07 04 23 18 43.09  35.6168 -117.5830  2.29  1.65  0.18  0.45  0.14  83  41  23   7       640
2019 07 04 23 18 56.40  35.6093 -117.5927  2.42  1.48  0.23  0.59  0.17  96  31  20   4       641
2019 07 04 23 20 19.87  35.5877 -117.6015  1.58  1.08  0.28  0.54  0.20  90  26  15   1       642
2019 07 04 23 20 42.08  35.5735 -117.6083  5.71  1.37  0.22  1.01  0.18  72  47  24   5       643
2019 07 04 23 20 58.03  35.6708 -117.5327 10.71  1.68  1.46  1.33  0.30 181  24   4   7       644
2019 07 04 23 21  7.91  35.6933 -117.5075  6.30  1.95  0.20  0.79  0.18  49  58  32  11       645
2019 07 04 23 21 50.10  35.6073 -117.5800  8.57  1.59  0.21  0.76  0.17  93  38  20   7       646
2019 07 04 23 22 19.81  35.6995 -117.4880 10.17  1.63  0.20  0.52  0.15  85  48  26   7       647
2019 07 04 23 23 19.27  35.6495 -117.5362  1.92  2.22  0.19  0.44  0.15  77  45  21   5       648
2019 07 04 23 23 34.97  35.6313 -117.5707  1.19  2.02  0.22  0.42  0.20  57  39  22   2       649
2019 07 04 23 24 24.92  35.7058 -117.5180  6.67  2.01  0.14  0.47  0.13  61  61  29  19       650
2019 07 04 23 25  2.93  35.7445 -117.5585  4.92  1.12  0.26  0.53  0.14  91  26  14   2       651
2019 07 04 23 25 24.48  35.7487 -117.5475  6.94  1.50  0.18  0.48  0.13  68  45  24   8       652
2019 07 04 23 25 48.52  35.6707 -117.4668 10.96  1.55  0.28  0.53  0.17  89  42  23   7       653
2019 07 04 23 26 14.78  35.7222 -117.5267  3.68  1.35  0.24  0.74  0.16  96  40  21   6       654
2019 07 04 23 26 25.98  35.6575 -117.5270  1.75  1.37  0.35  0.69  0.28  71  38  21   3       655
2019 07 04 23 26 43.81  35.6872 -117.4928  1.31  1.32  0.26  0.50  0.20  63  41  22   0       656
2019 07 04 23 27 16.21  35.6862 -117.4812  1.27  1.51  0.22  0.42  0.18  64  51  26   1       657
2019 07 04 23 28 21.18  35.7013 -117.4772  1.31  1.50  0.24  0.48  0.20  86  50  25   2       658
2019 07 04 23 28 37.87  35.6990 -117.5015  6.96  1.67  0.17  0.49  0.14  68  55  31  11       659
2019 07 04 23 29  2.08  35.5692 -117.6228  8.65  1.18  0.26  0.81  0.18  91  39  20   1       660
2019 07 04 23 29 14.96  35.6057 -117.5862  5.72  1.46  0.17  0.91  0.13  91  38  19   8       661
2019 07 04 23 29 26.05  35.6807 -117.5132  2.48  1.63  0.20  0.45  0.13  68  34  15   5       662
2019 07 04 23 29 31.21  35.6943 -117.4960  9.83  1.97  0.26  0.54  0.18  76  43  22   1       663
2019 07 04 23 29 40.78  35.7235 -117.5417  1.32  1.52  0.25  0.33  0.19  73  27  23   3       664
2019 07 04 23 30 53.43  35.6785 -117.5298  4.99  1.44  0.19  0.53  0.12  85  45  22   5       665
2019 07 04 23 31 44.10  35.7028 -117.4900  0.96  2.19  0.15  0.29  0.14  63  67  32  15       666
2019 07 04 23 32 27.28  35.7480 -117.5560  7.88  1.26  0.46  0.91  0.14 135  16   8   2       667
2019 07 04 23 33 24.46  35.5998 -117.5987  4.95  1.70  0.17  0.55  0.16  47  53  25   9       668
2019 07 04 23 34  0.63  35.6623 -117.5245  2.61  3.82  0.24  0.58  0.14  45  37  12   0       669
2019 07 04 23 34  2.38  35.6012 -117.6107  4.75  4.04  0.23  0.84  0.24  54  77  29   1       670
2019 07 04 23 36 54.98  35.7187 -117.5593  1.77  1.66  0.20  0.34  0.17  88  54  26   4       671
2019 07 04 23 37 11.52  35.7415 -117.5330  2.70  1.36  0.28  0.46  0.18 140  40  21   4       672
2019 07 04 23 37 39.93  35.6362 -117.5635  1.96  1.54  0.19  0.33  0.16  59  49  25   8       673
2019 07 04 23 39 10.11  35.7180 -117.5483  4.03  2.08  0.13  0.45  0.13  59  60  30  18       674
2019 07 04 23 39 35.18  35.7280 -117.5533  2.78  2.12  0.15  0.41  0.14  58  61  30  16       675
2019 07 04 23 40 19.53  35.6847 -117.4973  1.39  2.00  0.15  0.31  0.15  62  61  30   8       676
2019 07 04 23 41  7.53  35.5978 -117.5967  5.52  1.29  0.32  1.61  0.19  87  30  14   5       677
2019 07 04 23 41 20.98  35.5675 -117.6082  5.43  1.60  0.17  0.78  0.14  66  50  25   8       678
2019 07 04 23 41 37.27  35.5933 -117.6062  2.39  1.30  0.22  0.51  0.19  64  33  19   1       679
2019 07 04 23 42 33.83  35.7478 -117.5678  4.36  3.72  0.13  0.39  0.15  44  96  43  45       680
2019 07 04 23 43 41.69  35.7007 -117.4940  2.03  2.04  0.39  0.57  0.18 148  28  13   2       681
2019 07 04 23 43 55.07  35.6682 -117.5618  6.26  1.99  0.28  1.28  0.18 137  35  18   1       682
2019 07 04 23 44 19.77  35.7413 -117.5245  3.02  1.54  0.36  0.45  0.16 161  28  14   3       683
2019 07 04 23 44 47.32  35.7205 -117.5233  5.86  2.10  0.16  0.76  0.14  60  56  28  16       684
2019 07 04 23 45 23.38  35.8767 -117.7007  7.69  1.62  0.11  0.30  0.08  49  52  29  13       685
2019 07 04 23 46 12.49  35.7202 -117.5275  4.28  1.69  0.18  0.51  0.17  60  58  29   9       686
2019 07 04 23 46 31.94  35.6253 -117.5673  8.56  1.97  0.16  0.56  0.15  56  60  30  12       687
2019 07 04 23 47  1.71  35.5748 -117.6073  2.11  1.37  0.41  0.69  0.22 104  21  11   2       688
2019 07 04 23 47 43.84  35.6192 -117.5800 10.67  1.36  0.28  0.65  0.21  82  41  22   3       689
2019 07 04 23 47 59.59  35.7492 -117.5678  4.89  1.82  0.16  0.37  0.12  67  49  21  10       690
2019 07 04 23 48  0.87  35.7078 -117.4642  1.65  2.19  0.44  0.74  0.22 182  45  26   2       691
2019 07 04 23 48 34.83  35.7325 -117.5435  2.96  1.19  0.29  0.38  0.13 137  26  14   2       692
2019 07 04 23 48 43.62  35.6883 -117.4995  1.48  1.09  0.28  0.47  0.17  84  26  14   1       693
2019 07 04 23 48 58.68  35.7440 -117.5397 10.98  1.46  0.26  0.48  0.14 138  33  16   4       694
2019 07 04 23 49  8.60  35.6902 -117.4838  3.09  1.20  0.31  1.03  0.17  86  31  16   1       695
2019 07 04 23 49 30.28  35.6788 -117.5213  6.66  1.24  0.31  0.91  0.18 137  34  16   2       696
2019 07 04 23 50  1.39  35.6068 -117.6033  2.74  2.08  0.16  0.46  0.17  41  75  34  13       697
2019 07 04 23 50 57.36  35.7737 -117.5988  3.86  2.45  0.15  0.39  0.15  60  72  36  20       698
2019 07 04 23 51 38.62  35.6472 -117.5745 10.72  1.50  0.25  0.59  0.15 127  30  18   2       699
2019 07 04 23 52 16.84  35.7383 -117.5582 10.39  0.96  0.34  0.71  0.18  76  31  14   5       700
2019 07 04 23 54 18.93  35.5903 -117.5897  7.51  1.47  0.21  1.05  0.15  90  39  19   7       701
2019 07 04 23 54 36.39  35.6560 -117.5233  1.71  3.39  0.10  0.25  0.12  54  93  39  39       702
2019 07 04 23 55 53.49  35.6277 -117.5748 11.42  2.10  0.19  0.60  0.17  55  57  31   9       703
2019 07 04 23 56 55.88  35.7410 -117.5427  7.56  2.43  0.21  0.91  0.19  49  69  32  21       704
2019 07 04 23 56 56.84  35.6912 -117.4767 12.13  2.45  0.33  0.98  0.18 110  39  22   1       705
2019 07 04 23 58 33.82  35.7405 -117.5358 10.33  1.26  0.32  0.60  0.19  91  42  22   0       706
2019 07 04 23 58 48.28  35.7132 -117.5053  9.12  1.35  0.28  0.88  0.16 101  40  20   3       707
2019 07 04 23 59 21.07  35.7110 -117.5037 10.66  1.17  0.30  0.73  0.21  83  43  23   4       708
